{
  "height": 41,
  "width": 322,
  "x": 791.8958740234375,
  "y": 1465.3333740234375
}